# SIMCOSTA Buoy 2673 Station pecem
# year month day hour minute seconds sea-level(cm)
2020 8 12 0 8 00 1143.59
2020 8 12 0 23 00 1144.91
2020 8 12 0 39 00 1147.41
2020 8 12 0 53 00 1146.89
2020 8 12 1 8 00 1149.06
2020 8 12 1 23 00 1148.17
2020 8 12 1 39 00 1147.36
2020 8 12 1 53 00 1145.29
2020 8 12 2 23 00 1139.24
2020 8 12 2 39 00 1135.36
2020 8 12 2 53 00 1129.85
2020 8 12 3 8 00 1123.92
2020 8 12 3 24 00 1117.63
2020 8 12 3 38 00 1112.81
2020 8 12 3 53 00 1105.14
2020 8 12 4 9 00 1096.33
2020 8 12 4 23 00 1090.59
2020 8 12 4 39 00 1082.73
2020 8 12 4 53 00 1076.88
2020 8 12 5 8 00 1070.71
2020 8 12 5 24 00 1063.42
2020 8 12 5 38 00 1059.05
2020 8 12 5 54 00 1055.51
2020 8 12 6 8 00 1049.35
2020 8 12 6 23 00 1046.21
2020 8 12 6 38 00 1044.91
2020 8 12 6 53 00 1039.92
2020 8 12 7 9 00 1039.15
2020 8 12 7 23 00 1039.41
2020 8 12 7 38 00 1038.88
2020 8 12 7 54 00 1040.46
2020 8 12 8 8 00 1042.35
2020 8 12 8 24 00 1045.14
2020 8 12 8 38 00 1049.68
2020 8 12 8 53 00 1052.63
2020 8 12 9 11 00 1056.57
2020 8 12 9 23 00 1059.66
2020 8 12 9 38 00 1066.85
2020 8 12 9 54 00 1073.01
2020 8 12 10 8 00 1078.80
2020 8 12 10 23 00 1085.25
2020 8 12 10 39 00 1093.06
2020 8 12 10 53 00 1097.50
2020 8 12 11 9 00 1103.01
2020 8 12 11 23 00 1107.90
2020 8 12 11 38 00 1113.86
2020 8 12 11 53 00 1119.11
2020 8 12 12 9 00 1125.26
2020 8 12 12 23 00 1129.88
2020 8 12 12 38 00 1133.74
2020 8 12 12 54 00 1136.47
2020 8 12 13 8 00 1138.45
2020 8 12 13 24 00 1138.65
2020 8 12 13 38 00 1139.20
2020 8 12 13 54 00 1138.94
2020 8 12 14 8 00 1137.31
2020 8 12 14 23 00 1135.40
2020 8 12 14 39 00 1132.39
2020 8 12 14 53 00 1128.80
2020 8 12 15 8 00 1126.82
2020 8 12 15 24 00 1121.07
2020 8 12 15 38 00 1117.07
2020 8 12 15 53 00 1113.53
2020 8 12 16 8 00 1108.38
2020 8 12 16 23 00 1100.23
2020 8 12 16 39 00 1092.93
2020 8 12 16 53 00 1087.60
2020 8 12 17 9 00 1081.38
2020 8 12 17 23 00 1073.21
2020 8 12 17 39 00 1067.72
2020 8 12 17 53 00 1064.70
2020 8 12 18 9 00 1059.99
2020 8 12 18 23 00 1056.41
2020 8 12 18 39 00 1055.63
2020 8 12 18 53 00 1054.69
2020 8 12 19 9 00 1051.92
2020 8 12 19 23 00 1050.06
2020 8 12 19 39 00 1049.31
2020 8 12 19 53 00 1049.36
2020 8 12 20 8 00 1048.45
2020 8 12 20 23 00 1050.35
2020 8 12 20 39 00 1050.68
# SIMCOSTA Buoy 2673 Station pecem
# year month day hour minute seconds sea-level(cm)
2020 8 13 0 8 00 1121.74
2020 8 13 0 23 00 1128.56
2020 8 13 0 39 00 1132.32
2020 8 13 0 53 00 1136.40
2020 8 13 1 9 00 1140.81
2020 8 13 1 23 00 1144.22
2020 8 13 1 38 00 1146.74
2020 8 13 1 54 00 1148.22
2020 8 13 2 8 00 1148.67
2020 8 13 2 23 00 1146.11
2020 8 13 2 39 00 1146.78
2020 8 13 2 53 00 1144.45
2020 8 13 3 9 00 1141.51
2020 8 13 3 23 00 1139.18
2020 8 13 3 38 00 1134.98
2020 8 13 3 54 00 1130.08
2020 8 13 4 8 00 1124.32
2020 8 13 4 23 00 1119.96
2020 8 13 4 39 00 1113.13
2020 8 13 4 53 00 1106.89
2020 8 13 5 9 00 1099.40
2020 8 13 5 23 00 1092.28
2020 8 13 5 39 00 1085.64
2020 8 13 5 53 00 1078.71
2020 8 13 6 8 00 1072.35
2020 8 13 6 23 00 1067.11
2020 8 13 6 38 00 1060.96
2020 8 13 6 53 00 1056.67
2020 8 13 7 9 00 1050.28
2020 8 13 7 39 00 1042.98
2020 8 13 7 53 00 1038.26
2020 8 13 8 9 00 1036.76
2020 8 13 8 23 00 1035.30
2020 8 13 8 39 00 1033.96
2020 8 13 8 53 00 1033.88
2020 8 13 9 9 00 1033.55
2020 8 13 9 23 00 1035.28
2020 8 13 9 38 00 1037.66
2020 8 13 9 54 00 1041.44
2020 8 13 10 8 00 1045.51
2020 8 13 10 24 00 1050.17
2020 8 13 10 38 00 1054.81
2020 8 13 10 53 00 1060.16
2020 8 13 11 9 00 1067.47
2020 8 13 11 23 00 1072.16
2020 8 13 11 39 00 1080.48
2020 8 13 11 53 00 1084.80
2020 8 13 12 10 00 1090.44
2020 8 13 12 23 00 1098.09
2020 8 13 12 38 00 1104.28
2020 8 13 12 53 00 1109.85
2020 8 13 13 8 00 1115.41
2020 8 13 13 24 00 1119.47
2020 8 13 13 38 00 1123.19
2020 8 13 14 9 00 1130.85
2020 8 13 14 23 00 1132.34
2020 8 13 14 39 00 1133.50
2020 8 13 14 53 00 1135.45
2020 8 13 15 9 00 1133.73
2020 8 13 15 38 00 1130.88
2020 8 13 15 53 00 1128.56
2020 8 13 16 8 00 1123.61
2020 8 13 16 24 00 1118.14
2020 8 13 16 54 00 1110.82
2020 8 13 17 8 00 1103.94
2020 8 13 17 23 00 1099.11
2020 8 13 17 38 00 1092.88
2020 8 13 17 54 00 1086.80
2020 8 13 18 8 00 1082.36
2020 8 13 18 25 00 1076.68
2020 8 13 18 38 00 1072.22
2020 8 13 18 54 00 1067.74
2020 8 13 19 8 00 1063.61
2020 8 13 19 24 00 1057.26
2020 8 13 19 38 00 1054.34
2020 8 13 19 53 00 1050.73
2020 8 13 20 8 00 1048.14
2020 8 13 20 23 00 1044.62
2020 8 13 20 38 00 1042.07
# SIMCOSTA Buoy 2673 Station pecem
# year month day hour minute seconds sea-level(cm)
2020 8 14 0 8 00 1091.17
2020 8 14 0 23 00 1100.63
2020 8 14 0 53 00 1112.34
2020 8 14 1 8 00 1120.89
2020 8 14 1 24 00 1126.30
2020 8 14 1 38 00 1131.46
2020 8 14 2 9 00 1139.57
2020 8 14 2 23 00 1144.29
2020 8 14 2 40 00 1146.19
2020 8 14 2 53 00 1148.06
2020 8 14 3 10 00 1148.46
2020 8 14 3 23 00 1148.14
2020 8 14 3 39 00 1147.20
2020 8 14 3 53 00 1145.22
2020 8 14 4 8 00 1144.07
2020 8 14 4 24 00 1142.33
2020 8 14 4 38 00 1140.65
2020 8 14 4 54 00 1136.17
2020 8 14 5 8 00 1132.47
2020 8 14 5 23 00 1126.12
2020 8 14 5 39 00 1118.92
2020 8 14 5 53 00 1112.31
2020 8 14 6 9 00 1103.53
2020 8 14 6 23 00 1095.20
2020 8 14 6 38 00 1086.68
2020 8 14 6 53 00 1077.80
2020 8 14 7 8 00 1072.46
2020 8 14 7 23 00 1065.00
2020 8 14 7 39 00 1060.22
2020 8 14 7 53 00 1052.49
2020 8 14 8 9 00 1045.69
2020 8 14 8 23 00 1044.17
2020 8 14 8 38 00 1036.42
2020 8 14 8 53 00 1033.03
2020 8 14 9 9 00 1028.22
2020 8 14 9 23 00 1025.06
2020 8 14 9 39 00 1021.80
2020 8 14 9 53 00 1022.74
2020 8 14 10 8 00 1021.64
2020 8 14 10 23 00 1021.93
2020 8 14 10 39 00 1026.52
2020 8 14 10 53 00 1029.64
2020 8 14 11 8 00 1035.27
2020 8 14 11 24 00 1040.14
2020 8 14 11 38 00 1044.51
2020 8 14 11 53 00 1051.86
2020 8 14 12 9 00 1057.70
2020 8 14 12 23 00 1065.03
2020 8 14 12 38 00 1072.89
2020 8 14 12 54 00 1078.33
2020 8 14 13 8 00 1085.83
2020 8 14 13 24 00 1093.71
2020 8 14 13 38 00 1101.30
2020 8 14 13 53 00 1107.06
2020 8 14 14 8 00 1116.89
2020 8 14 14 24 00 1122.72
2020 8 14 14 38 00 1129.20
2020 8 14 14 53 00 1133.52
2020 8 14 15 9 00 1136.40
2020 8 14 15 23 00 1141.51
2020 8 14 15 38 00 1143.52
2020 8 14 15 54 00 1144.36
2020 8 14 16 8 00 1143.77
2020 8 14 16 23 00 1143.71
2020 8 14 16 39 00 1140.63
2020 8 14 16 53 00 1138.71
2020 8 14 17 8 00 1137.39
2020 8 14 17 23 00 1132.63
2020 8 14 17 39 00 1128.05
2020 8 14 17 53 00 1124.04
2020 8 14 18 9 00 1118.81
2020 8 14 18 23 00 1114.64
2020 8 14 18 39 00 1107.17
2020 8 14 18 53 00 1100.68
2020 8 14 19 8 00 1094.40
2020 8 14 19 23 00 1085.77
2020 8 14 19 40 00 1078.12
2020 8 14 19 53 00 1071.98
2020 8 14 20 8 00 1065.57
2020 8 14 20 23 00 1060.30
2020 8 14 20 39 00 1052.79
# SIMCOSTA Buoy 2673 Station pecem
# year month day hour minute seconds sea-level(cm)
2020 8 15 0 8 00 1068.31
2020 8 15 0 23 00 1075.08
2020 8 15 0 39 00 1083.63
2020 8 15 0 53 00 1091.74
2020 8 15 1 8 00 1099.08
2020 8 15 1 24 00 1107.04
2020 8 15 1 38 00 1113.85
2020 8 15 1 54 00 1122.36
2020 8 15 2 8 00 1128.59
2020 8 15 2 24 00 1134.48
2020 8 15 2 38 00 1141.23
2020 8 15 2 54 00 1147.37
2020 8 15 3 8 00 1152.60
2020 8 15 3 24 00 1158.66
2020 8 15 3 38 00 1163.30
2020 8 15 3 53 00 1167.23
2020 8 15 4 9 00 1167.66
2020 8 15 4 23 00 1167.85
2020 8 15 4 39 00 1167.11
2020 8 15 4 53 00 1164.72
2020 8 15 5 9 00 1161.38
2020 8 15 5 39 00 1151.45
2020 8 15 5 53 00 1146.16
2020 8 15 6 8 00 1139.07
2020 8 15 6 23 00 1131.72
2020 8 15 6 38 00 1122.80
2020 8 15 6 54 00 1113.46
2020 8 15 7 8 00 1106.95
2020 8 15 7 24 00 1096.20
2020 8 15 7 38 00 1088.26
2020 8 15 7 53 00 1079.80
2020 8 15 8 9 00 1069.84
2020 8 15 8 23 00 1060.52
2020 8 15 8 38 00 1052.77
2020 8 15 8 53 00 1043.10
2020 8 15 9 8 00 1036.01
2020 8 15 9 23 00 1027.87
2020 8 15 9 39 00 1022.72
2020 8 15 9 53 00 1016.75
2020 8 15 10 8 00 1011.98
2020 8 15 10 24 00 1011.28
2020 8 15 10 38 00 1010.21
2020 8 15 11 8 00 1009.04
2020 8 15 11 24 00 1009.10
2020 8 15 11 38 00 1013.68
2020 8 15 11 53 00 1018.27
2020 8 15 12 8 00 1023.33
2020 8 15 12 38 00 1035.33
2020 8 15 12 53 00 1043.46
2020 8 15 13 8 00 1053.05
2020 8 15 13 23 00 1063.30
2020 8 15 13 38 00 1073.17
2020 8 15 13 53 00 1081.10
2020 8 15 14 9 00 1090.19
2020 8 15 14 23 00 1100.50
2020 8 15 14 38 00 1110.08
2020 8 15 14 54 00 1116.62
2020 8 15 15 8 00 1125.43
2020 8 15 15 24 00 1134.50
2020 8 15 15 38 00 1140.23
2020 8 15 15 53 00 1144.89
2020 8 15 16 8 00 1150.36
2020 8 15 16 23 00 1153.29
2020 8 15 16 39 00 1157.38
2020 8 15 16 53 00 1158.33
2020 8 15 17 8 00 1156.88
2020 8 15 17 23 00 1155.78
2020 8 15 17 39 00 1152.26
2020 8 15 17 53 00 1150.53
2020 8 15 18 8 00 1146.15
2020 8 15 18 23 00 1141.81
2020 8 15 18 39 00 1134.62
2020 8 15 19 8 00 1121.33
2020 8 15 19 23 00 1115.04
2020 8 15 19 39 00 1105.12
2020 8 15 19 53 00 1097.97
2020 8 15 20 8 00 1087.26
2020 8 15 20 23 00 1077.41
2020 8 15 20 38 00 1066.98
# SIMCOSTA Buoy 2673 Station pecem
# year month day hour minute seconds sea-level(cm)
2020 8 16 0 8 00 1032.84
2020 8 16 0 24 00 1038.87
2020 8 16 0 38 00 1044.03
2020 8 16 0 53 00 1054.77
2020 8 16 1 8 00 1060.94
2020 8 16 1 38 00 1083.20
2020 8 16 1 53 00 1094.41
2020 8 16 2 8 00 1101.98
2020 8 16 2 23 00 1112.83
2020 8 16 2 39 00 1123.39
2020 8 16 2 53 00 1131.88
2020 8 16 3 8 00 1142.08
2020 8 16 3 23 00 1147.93
2020 8 16 3 38 00 1156.66
2020 8 16 3 53 00 1165.85
2020 8 16 4 8 00 1172.03
2020 8 16 4 24 00 1178.03
2020 8 16 4 38 00 1181.97
2020 8 16 4 54 00 1185.27
2020 8 16 5 8 00 1187.56
2020 8 16 5 24 00 1187.46
2020 8 16 5 38 00 1185.15
2020 8 16 5 53 00 1180.24
2020 8 16 6 8 00 1178.37
2020 8 16 6 24 00 1172.76
2020 8 16 6 38 00 1164.49
2020 8 16 6 53 00 1156.73
2020 8 16 7 8 00 1148.80
2020 8 16 7 24 00 1139.19
2020 8 16 7 38 00 1128.49
2020 8 16 7 53 00 1119.10
2020 8 16 8 8 00 1106.74
2020 8 16 8 24 00 1093.98
2020 8 16 8 38 00 1083.94
2020 8 16 8 54 00 1070.87
2020 8 16 9 8 00 1059.92
2020 8 16 9 23 00 1048.53
2020 8 16 9 38 00 1037.82
2020 8 16 9 53 00 1028.71
2020 8 16 10 8 00 1017.85
2020 8 16 10 23 00 1009.33
2020 8 16 10 39 00 1002.77
2020 8 16 10 53 00 998.69
2020 8 16 11 9 00 994.91
2020 8 16 11 23 00 994.33
2020 8 16 11 39 00 991.69
2020 8 16 11 53 00 993.28
2020 8 16 12 8 00 995.00
2020 8 16 12 24 00 998.93
2020 8 16 12 38 00 1000.43
2020 8 16 12 53 00 1009.05
2020 8 16 13 8 00 1016.81
2020 8 16 13 23 00 1025.74
2020 8 16 13 39 00 1033.22
2020 8 16 13 53 00 1044.00
2020 8 16 14 9 00 1056.39
2020 8 16 14 23 00 1068.27
2020 8 16 14 39 00 1080.65
2020 8 16 14 53 00 1090.18
2020 8 16 15 8 00 1101.56
2020 8 16 15 23 00 1113.10
2020 8 16 15 40 00 1126.28
2020 8 16 15 53 00 1132.81
2020 8 16 16 8 00 1141.96
2020 8 16 16 23 00 1151.53
2020 8 16 16 38 00 1159.56
2020 8 16 16 54 00 1166.61
2020 8 16 17 8 00 1170.26
2020 8 16 17 24 00 1174.64
2020 8 16 17 38 00 1177.95
2020 8 16 17 53 00 1179.06
2020 8 16 18 8 00 1177.86
2020 8 16 18 23 00 1173.87
2020 8 16 18 39 00 1171.05
2020 8 16 18 53 00 1167.18
2020 8 16 19 8 00 1160.31
2020 8 16 19 39 00 1142.35
2020 8 16 20 8 00 1123.98
2020 8 16 20 23 00 1112.98
2020 8 16 20 39 00 1099.90
# SIMCOSTA Buoy 2673 Station pecem
# year month day hour minute seconds sea-level(cm)
2020 8 17 0 8 00 1006.11
2020 8 17 0 23 00 1007.84
2020 8 17 0 39 00 1012.58
2020 8 17 0 52 00 1018.94
2020 8 17 1 40 00 1043.16
2020 8 17 1 53 00 1053.30
2020 8 17 2 38 00 1088.26
2020 8 17 2 53 00 1100.09
2020 8 17 3 8 00 1114.04
2020 8 17 3 23 00 1123.84
2020 8 17 3 39 00 1136.31
2020 8 17 3 53 00 1146.05
2020 8 17 4 8 00 1155.57
2020 8 17 4 23 00 1163.64
2020 8 17 4 39 00 1174.07
2020 8 17 4 53 00 1180.23
2020 8 17 5 9 00 1185.61
2020 8 17 5 38 00 1195.61
2020 8 17 5 54 00 1199.73
2020 8 17 6 8 00 1199.84
2020 8 17 6 24 00 1196.88
2020 8 17 6 40 00 1192.94
2020 8 17 6 56 00 1187.63
2020 8 17 7 8 00 1184.35
2020 8 17 7 24 00 1176.28
2020 8 17 7 42 00 1165.07
2020 8 17 7 53 00 1156.21
2020 8 17 8 9 00 1144.43
2020 8 17 8 26 00 1131.19
2020 8 17 8 38 00 1119.00
2020 8 17 8 53 00 1103.52
2020 8 17 9 9 00 1088.31
2020 8 17 9 23 00 1074.66
2020 8 17 9 38 00 1062.40
2020 8 17 9 53 00 1048.34
2020 8 17 10 4 00 1034.27
2020 8 17 10 19 00 1021.08
2020 8 17 10 49 00 998.50
2020 8 17 11 23 00 980.14
2020 8 17 11 38 00 974.07
2020 8 17 11 53 00 968.81
2020 8 17 12 9 00 967.08
2020 8 17 12 23 00 967.99
2020 8 17 12 39 00 964.76
2020 8 17 12 53 00 969.25
2020 8 17 13 8 00 972.99
2020 8 17 13 24 00 979.16
2020 8 17 13 38 00 984.77
2020 8 17 13 54 00 995.33
2020 8 17 14 8 00 1006.45
2020 8 17 14 24 00 1019.61
2020 8 17 14 38 00 1028.68
2020 8 17 14 53 00 1042.04
2020 8 17 15 9 00 1058.50
2020 8 17 15 23 00 1071.99
2020 8 17 15 38 00 1085.02
2020 8 17 15 54 00 1099.37
2020 8 17 16 8 00 1111.35
2020 8 17 16 23 00 1123.71
2020 8 17 16 38 00 1135.67
2020 8 17 16 54 00 1148.22
2020 8 17 17 8 00 1159.42
2020 8 17 17 24 00 1171.21
2020 8 17 17 38 00 1176.59
2020 8 17 17 53 00 1183.81
2020 8 17 18 8 00 1186.94
2020 8 17 18 23 00 1189.87
2020 8 17 18 39 00 1190.45
2020 8 17 18 53 00 1187.95
2020 8 17 19 8 00 1184.71
2020 8 17 19 24 00 1180.16
2020 8 17 19 38 00 1174.52
2020 8 17 19 54 00 1165.74
2020 8 17 20 8 00 1156.25
2020 8 17 20 23 00 1144.70
2020 8 17 20 38 00 1134.94
# SIMCOSTA Buoy 2673 Station pecem
# year month day hour minute seconds sea-level(cm)
2020 8 18 0 23 00 985.46
2020 8 18 0 38 00 986.37
2020 8 18 0 54 00 987.50
2020 8 18 1 8 00 989.69
2020 8 18 1 39 00 1004.61
2020 8 18 1 53 00 1011.38
2020 8 18 2 8 00 1021.50
2020 8 18 2 23 00 1032.33
2020 8 18 2 39 00 1044.99
2020 8 18 2 53 00 1056.95
2020 8 18 3 9 00 1071.25
2020 8 18 3 23 00 1079.52
2020 8 18 3 39 00 1097.32
2020 8 18 3 53 00 1109.68
2020 8 18 4 8 00 1125.86
2020 8 18 4 24 00 1143.42
2020 8 18 4 38 00 1155.01
2020 8 18 4 54 00 1166.54
2020 8 18 5 8 00 1179.77
2020 8 18 5 24 00 1189.74
2020 8 18 5 38 00 1199.12
2020 8 18 5 53 00 1207.13
2020 8 18 6 8 00 1211.49
2020 8 18 6 24 00 1214.64
2020 8 18 6 38 00 1218.03
2020 8 18 6 53 00 1219.27
2020 8 18 7 9 00 1216.98
2020 8 18 7 23 00 1211.18
2020 8 18 7 39 00 1207.15
2020 8 18 7 53 00 1198.17
2020 8 18 8 9 00 1189.78
2020 8 18 8 23 00 1181.10
2020 8 18 8 38 00 1168.07
2020 8 18 8 53 00 1155.62
2020 8 18 9 9 00 1138.67
2020 8 18 9 23 00 1123.92
2020 8 18 9 38 00 1109.06
2020 8 18 9 54 00 1090.62
2020 8 18 10 8 00 1076.81
2020 8 18 10 23 00 1061.55
2020 8 18 10 39 00 1042.73
2020 8 18 10 53 00 1030.87
2020 8 18 11 9 00 1013.69
2020 8 18 11 23 00 1002.63
2020 8 18 11 38 00 990.76
2020 8 18 11 53 00 983.08
2020 8 18 12 8 00 973.61
2020 8 18 12 24 00 966.70
2020 8 18 12 38 00 960.37
2020 8 18 12 53 00 957.51
2020 8 18 13 8 00 955.31
2020 8 18 13 24 00 956.97
2020 8 18 13 38 00 960.61
2020 8 18 13 53 00 964.32
2020 8 18 14 8 00 972.72
2020 8 18 14 23 00 982.26
2020 8 18 14 53 00 1007.14
2020 8 18 15 8 00 1019.30
2020 8 18 15 23 00 1033.69
2020 8 18 15 39 00 1051.88
2020 8 18 15 53 00 1064.76
2020 8 18 16 8 00 1081.39
2020 8 18 16 24 00 1097.05
2020 8 18 16 38 00 1111.11
2020 8 18 16 54 00 1128.70
2020 8 18 17 8 00 1143.42
2020 8 18 17 23 00 1156.96
2020 8 18 17 39 00 1168.81
2020 8 18 17 53 00 1179.85
2020 8 18 18 9 00 1191.15
2020 8 18 18 23 00 1198.90
2020 8 18 18 53 00 1210.90
2020 8 18 19 9 00 1214.03
2020 8 18 19 23 00 1213.96
2020 8 18 19 39 00 1211.34
2020 8 18 19 53 00 1205.98
2020 8 18 20 8 00 1200.32
2020 8 18 20 24 00 1194.00
2020 8 18 20 38 00 1185.00
# SIMCOSTA Buoy 2673 Station pecem
# year month day hour minute seconds sea-level(cm)
2020 8 19 0 8 00 1000.71
2020 8 19 0 25 00 990.90
2020 8 19 0 38 00 987.53
2020 8 19 0 53 00 982.33
2020 8 19 1 23 00 979.70
2020 8 19 1 38 00 981.23
2020 8 19 1 53 00 984.97
2020 8 19 3 23 00 1043.10
2020 8 19 3 38 00 1055.65
2020 8 19 3 53 00 1073.03
2020 8 19 4 8 00 1088.36
2020 8 19 4 24 00 1107.44
2020 8 19 4 38 00 1120.79
2020 8 19 4 53 00 1137.74
2020 8 19 5 9 00 1152.73
2020 8 19 5 23 00 1166.68
2020 8 19 5 39 00 1181.45
2020 8 19 5 53 00 1194.28
2020 8 19 6 9 00 1207.77
2020 8 19 6 23 00 1216.62
2020 8 19 6 39 00 1225.79
2020 8 19 6 53 00 1232.69
2020 8 19 7 8 00 1237.70
2020 8 19 7 24 00 1239.08
2020 8 19 7 38 00 1238.59
2020 8 19 7 53 00 1237.53
2020 8 19 8 9 00 1231.11
2020 8 19 8 23 00 1224.94
2020 8 19 8 39 00 1216.09
2020 8 19 8 53 00 1204.88
2020 8 19 9 8 00 1192.26
2020 8 19 9 24 00 1178.67
2020 8 19 9 38 00 1166.39
2020 8 19 9 54 00 1150.19
2020 8 19 10 8 00 1134.28
2020 8 19 10 24 00 1114.83
2020 8 19 10 38 00 1098.51
2020 8 19 10 53 00 1081.26
2020 8 19 11 8 00 1062.58
2020 8 19 11 23 00 1044.35
2020 8 19 11 39 00 1026.80
2020 8 19 11 53 00 1011.97
2020 8 19 12 8 00 996.46
2020 8 19 12 24 00 983.78
2020 8 19 12 38 00 972.62
2020 8 19 12 54 00 963.28
2020 8 19 13 8 00 957.20
2020 8 19 13 24 00 950.17
2020 8 19 13 38 00 947.25
2020 8 19 13 53 00 946.49
2020 8 19 14 9 00 948.48
2020 8 19 14 38 00 957.59
2020 8 19 14 54 00 965.26
2020 8 19 15 8 00 975.95
2020 8 19 15 23 00 989.02
2020 8 19 15 38 00 1002.96
2020 8 19 15 55 00 1019.26
2020 8 19 16 8 00 1032.82
2020 8 19 16 24 00 1051.99
2020 8 19 16 38 00 1067.89
2020 8 19 16 54 00 1086.65
2020 8 19 17 8 00 1099.90
2020 8 19 17 23 00 1117.01
2020 8 19 17 39 00 1134.33
2020 8 19 17 53 00 1148.87
2020 8 19 18 9 00 1164.43
2020 8 19 18 38 00 1190.88
2020 8 19 18 54 00 1203.02
2020 8 19 19 8 00 1212.94
2020 8 19 19 24 00 1220.10
2020 8 19 19 38 00 1223.45
2020 8 19 19 53 00 1226.31
2020 8 19 20 9 00 1225.82
2020 8 19 20 23 00 1220.48
2020 8 19 20 38 00 1215.98
