% SIMCOSTA Buoy 14 Station rs4
% year month day hour minute seconds vars
2020 8 12 0 51 0 1.45 12.50 177.50 161.98 570.00 59.90 44.38 -15.52 6.60 0.90 9.50
2020 8 12 1 21 0 1.42 10.50 179.40 163.88 550.00 58.80 43.28 -15.52 6.40 0.86 9.40
2020 8 12 1 51 0 1.41 10.50 179.90 164.38 480.00 56.80 41.28 -15.52 6.70 0.87 9.00
2020 8 12 2 51 0 1.38 11.80 179.40 163.88 520.00 48.10 32.58 -15.52 6.80 0.86 9.80
2020 8 12 3 21 0 1.41 11.10 176.50 160.98 530.00 57.40 41.88 -15.52 6.70 0.88 9.50
2020 8 12 3 51 0 1.31 11.80 178.30 162.78 500.00 53.80 38.28 -15.52 6.80 0.83 9.40
2020 8 12 4 21 0 1.31 12.50 178.60 163.08 580.00 58.20 42.68 -15.52 6.70 0.79 9.70
2020 8 12 4 51 0 1.25 12.50 179.00 163.48 570.00 55.50 39.98 -15.52 7.00 0.80 9.60
2020 8 12 5 51 0 1.16 12.50 177.40 161.88 620.00 54.60 39.08 -15.52 6.50 0.69 9.40
2020 8 12 6 51 0 1.07 13.30 176.70 161.18 580.00 59.10 43.58 -15.52 6.20 0.65 9.00
2020 8 12 7 21 0 1.11 14.30 176.10 160.58 540.00 57.40 41.88 -15.52 6.70 0.68 9.60
2020 8 12 7 51 0 1.03 14.30 173.30 157.78 540.00 60.60 45.08 -15.52 6.50 0.64 9.20
2020 8 12 8 21 0 1.07 14.30 173.80 158.28 500.00 59.40 43.88 -15.52 6.80 0.65 9.90
2020 8 12 8 51 0 1.08 12.50 173.40 157.88 420.00 60.40 44.88 -15.52 6.80 0.67 9.90
2020 8 12 9 51 0 1.20 13.30 170.60 155.08 380.00 57.60 42.08 -15.52 6.80 0.74 9.80
2020 8 12 10 21 0 1.12 14.30 172.10 156.58 400.00 60.40 44.88 -15.52 6.90 0.69 10.20
2020 8 12 10 51 0 1.10 12.50 171.70 156.18 410.00 56.90 41.38 -15.52 7.10 0.69 9.90
2020 8 12 11 51 0 1.14 13.30 169.10 153.58 350.00 57.70 42.18 -15.52 7.20 0.72 10.10
2020 8 12 12 51 0 1.13 13.30 172.30 156.78 340.00 58.50 42.98 -15.52 6.80 0.71 9.70
2020 8 12 13 21 0 1.10 13.30 166.00 150.48 280.00 54.10 38.58 -15.52 6.80 0.67 10.10
2020 8 12 13 51 0 0.97 12.50 166.50 150.98 320.00 51.30 35.78 -15.52 5.80 0.59 8.80
2020 8 12 14 21 0 1.13 13.30 165.90 150.38 300.00 52.00 36.48 -15.52 6.50 0.70 9.80
2020 8 12 14 51 0 1.05 12.50 159.50 143.98 270.00 55.80 40.28 -15.52 6.20 0.65 9.50
2020 8 12 15 21 0 1.00 14.30 158.80 143.28 220.00 48.00 32.48 -15.52 5.70 0.62 8.70
2020 8 12 15 51 0 1.17 12.50 158.00 142.48 240.00 46.00 30.48 -15.52 6.00 0.68 9.70
2020 8 12 16 21 0 1.19 12.50 156.40 140.88 190.00 46.50 30.98 -15.52 6.30 0.73 9.50
2020 8 12 16 51 0 1.15 14.30 159.50 143.98 230.00 39.90 24.38 -15.52 6.20 0.68 9.80
2020 8 12 17 21 0 1.24 14.30 158.10 142.58 230.00 42.70 27.18 -15.52 6.70 0.74 10.50
2020 8 12 17 51 0 1.26 14.30 156.60 141.08 210.00 52.60 37.08 -15.52 6.80 0.75 10.80
2020 8 12 18 51 0 1.38 13.30 157.50 141.98 170.00 53.30 37.78 -15.52 7.70 0.84 11.60
2020 8 12 19 51 0 1.21 13.30 152.00 136.48 100.00 58.40 42.88 -15.52 6.60 0.73 10.10
2020 8 12 20 21 0 1.18 13.30 152.30 136.78 130.00 67.60 52.08 -15.52 6.70 0.72 9.90
% SIMCOSTA Buoy 14 Station rs4
% year month day hour minute seconds vars
2020 8 13 0 21 0 1.24 13.30 149.10 133.58 70.00 75.10 59.58 -15.52 5.80 0.75 9.30
2020 8 13 0 51 0 1.17 13.30 147.30 131.78 80.00 65.00 49.48 -15.52 5.80 0.73 9.20
2020 8 13 1 21 0 1.17 13.30 146.70 131.18 90.00 15.90 0.38 -15.52 5.70 0.71 9.00
2020 8 13 1 51 0 1.10 12.50 145.00 129.48 30.00 59.30 43.78 -15.52 5.40 0.70 8.10
2020 8 13 2 21 0 1.05 11.80 143.20 127.68 40.00 323.10 307.58 -15.52 5.10 0.66 7.70
2020 8 13 2 51 0 1.21 12.50 144.40 128.88 70.00 303.90 288.38 -15.52 5.60 0.77 8.50
2020 8 13 3 21 0 1.15 12.50 145.40 129.88 60.00 282.70 267.18 -15.52 5.60 0.72 8.80
2020 8 13 3 51 0 1.09 12.50 144.00 128.48 40.00 310.50 294.98 -15.52 5.20 0.69 8.00
2020 8 13 4 51 0 1.03 13.30 141.10 125.58 50.00 241.90 226.38 -15.52 5.20 0.66 7.60
2020 8 13 5 51 0 1.03 11.10 142.20 126.68 130.00 285.60 270.08 -15.52 5.30 0.65 7.90
2020 8 13 6 21 0 1.01 11.80 142.00 126.48 110.00 318.10 302.58 -15.52 5.10 0.63 7.60
2020 8 13 6 51 0 0.97 12.50 143.70 128.18 210.00 214.20 198.68 -15.52 4.80 0.61 7.20
2020 8 13 7 21 0 1.02 11.80 147.50 131.98 220.00 222.40 206.88 -15.52 5.30 0.64 8.10
2020 8 13 7 51 0 1.03 11.80 149.90 134.38 260.00 215.30 199.78 -15.52 5.30 0.65 8.30
2020 8 13 8 21 0 0.95 12.50 146.10 130.58 230.00 212.20 196.68 -15.52 4.80 0.61 6.90
2020 8 13 8 51 0 1.03 11.80 146.80 131.28 120.00 234.30 218.78 -15.52 5.10 0.63 8.10
2020 8 13 9 51 0 0.91 11.80 148.00 132.48 190.00 232.60 217.08 -15.52 4.70 0.56 6.90
2020 8 13 10 21 0 0.86 11.10 149.00 133.48 140.00 235.50 219.98 -15.52 4.60 0.54 6.90
2020 8 13 10 51 0 0.89 11.10 150.40 134.88 130.00 237.60 222.08 -15.52 4.80 0.56 7.10
2020 8 13 11 51 0 0.85 10.50 152.40 136.88 190.00 212.60 197.08 -15.52 4.70 0.54 6.80
2020 8 13 12 21 0 0.90 12.50 152.90 137.38 250.00 214.10 198.58 -15.52 4.80 0.59 6.80
2020 8 13 12 51 0 0.89 10.50 152.70 137.18 290.00 211.90 196.38 -15.52 4.90 0.58 6.90
2020 8 13 13 51 0 0.84 11.10 151.10 135.58 90.00 245.10 229.58 -15.52 4.60 0.53 6.60
2020 8 13 14 21 0 0.85 10.00 154.90 139.38 60.00 235.10 219.58 -15.52 4.50 0.53 6.50
2020 8 13 14 51 0 0.86 9.10 151.00 135.48 100.00 250.20 234.68 -15.52 4.60 0.56 6.50
2020 8 13 15 21 0 0.86 10.00 149.80 134.28 120.00 256.40 240.88 -15.52 4.90 0.56 7.10
2020 8 13 15 51 0 0.85 9.50 149.50 133.98 140.00 268.80 253.28 -15.52 4.70 0.54 7.00
2020 8 13 16 21 0 0.84 11.10 148.90 133.38 190.00 247.70 232.18 -15.52 4.30 0.52 6.10
2020 8 13 16 51 0 0.86 18.20 150.10 134.58 220.00 258.00 242.48 -15.52 4.70 0.55 6.80
2020 8 13 17 21 0 0.83 11.80 150.00 134.48 120.00 276.10 260.58 -15.52 4.40 0.53 6.10
2020 8 13 17 51 0 0.91 11.80 153.40 137.88 90.00 278.40 262.88 -15.52 4.40 0.58 6.00
2020 8 13 18 21 0 0.82 12.50 157.70 142.18 130.00 343.70 328.18 -15.52 4.00 0.53 5.80
2020 8 13 18 51 0 0.94 11.80 149.60 134.08 150.00 313.70 298.18 -15.52 4.60 0.61 6.50
2020 8 13 19 21 0 0.89 11.80 151.20 135.68 230.00 291.10 275.58 -15.52 4.50 0.57 6.30
2020 8 13 19 51 0 0.92 10.50 146.30 130.78 200.00 299.90 284.38 -15.52 4.60 0.59 6.30
2020 8 13 20 21 0 0.87 15.40 148.20 132.68 290.00 294.50 278.98 -15.52 4.30 0.56 5.70
% SIMCOSTA Buoy 14 Station rs4
% year month day hour minute seconds vars
2020 8 14 0 21 0 0.90 11.10 142.90 127.38 250.00 218.30 202.78 -15.52 4.70 0.59 6.00
2020 8 14 0 51 0 0.91 10.50 147.30 131.78 250.00 226.00 210.48 -15.52 5.00 0.60 7.00
2020 8 14 1 51 0 0.87 10.00 142.40 126.88 160.00 205.40 189.88 -15.52 4.90 0.55 6.90
2020 8 14 2 51 0 0.84 9.10 142.30 126.78 190.00 209.40 193.88 -15.52 4.80 0.54 7.00
2020 8 14 3 21 0 0.85 11.10 140.60 125.08 170.00 231.20 215.68 -15.52 5.10 0.56 7.00
2020 8 14 3 51 0 0.85 10.00 143.60 128.08 290.00 218.30 202.78 -15.52 5.00 0.54 6.90
2020 8 14 4 51 0 0.81 6.10 137.80 122.28 260.00 215.80 200.28 -15.52 4.80 0.52 6.60
2020 8 14 5 51 0 0.86 8.00 137.00 121.48 190.00 210.20 194.68 -15.52 5.30 0.55 7.20
2020 8 14 6 21 0 0.85 10.50 136.50 120.98 170.00 203.20 187.68 -15.52 5.20 0.54 7.20
2020 8 14 6 51 0 0.81 9.10 137.80 122.28 220.00 207.40 191.88 -15.52 4.80 0.50 6.60
2020 8 14 7 51 0 0.80 15.40 136.50 120.98 140.00 187.80 172.28 -15.52 5.40 0.52 7.50
2020 8 14 8 51 0 0.82 7.70 130.40 114.88 160.00 226.00 210.48 -15.52 5.60 0.51 7.20
2020 8 14 9 51 0 0.85 8.30 131.10 115.58 140.00 181.60 166.08 -15.52 5.50 0.54 7.20
2020 8 14 10 21 0 0.85 7.70 131.10 115.58 110.00 178.90 163.38 -15.52 5.70 0.54 7.60
2020 8 14 10 51 0 0.81 7.70 130.50 114.98 40.00 101.30 85.78 -15.52 6.00 0.55 7.60
2020 8 14 11 21 0 0.84 8.00 128.80 113.28 100.00 169.00 153.48 -15.52 5.60 0.54 7.10
2020 8 14 12 21 0 0.88 7.10 125.20 109.68 100.00 137.50 121.98 -15.52 5.90 0.57 7.20
2020 8 14 12 51 0 0.88 6.70 126.50 110.98 130.00 143.00 127.48 -15.52 5.70 0.57 7.50
2020 8 14 13 21 0 0.83 7.70 127.20 111.68 190.00 180.90 165.38 -15.52 5.40 0.52 6.80
2020 8 14 14 51 0 0.89 5.70 124.60 109.08 160.00 154.70 139.18 -15.52 5.10 0.55 7.00
2020 8 14 15 21 0 0.86 7.40 125.50 109.98 90.00 163.40 147.88 -15.52 4.80 0.53 6.80
2020 8 14 16 51 0 0.85 6.50 123.60 108.08 210.00 192.10 176.58 -15.52 4.40 0.54 6.00
2020 8 14 17 21 0 0.87 7.10 123.40 107.88 230.00 198.60 183.08 -15.52 4.30 0.54 6.00
2020 8 14 17 51 0 0.87 7.70 121.60 106.08 260.00 195.10 179.58 -15.52 4.60 0.57 6.20
2020 8 14 18 21 0 0.86 7.40 122.30 106.78 220.00 173.00 157.48 -15.52 4.60 0.54 6.30
2020 8 14 18 51 0 0.81 7.70 123.10 107.58 200.00 159.50 143.98 -15.52 4.60 0.53 6.20
2020 8 14 19 21 0 0.82 5.90 123.00 107.48 210.00 154.80 139.28 -15.52 4.60 0.54 6.30
2020 8 14 19 51 0 0.80 10.50 121.20 105.68 230.00 177.00 161.48 -15.52 4.20 0.50 6.00
2020 8 14 20 21 0 0.82 7.70 120.10 104.58 320.00 206.40 190.88 -15.52 4.20 0.52 5.90
% SIMCOSTA Buoy 14 Station rs4
% year month day hour minute seconds vars
2020 8 15 0 51 0 0.75 13.30 126.30 110.78 450.00 202.40 186.88 -15.52 4.20 0.46 5.80
2020 8 15 1 21 0 0.75 6.90 124.30 108.78 480.00 201.10 185.58 -15.52 4.30 0.49 5.60
2020 8 15 1 51 0 0.72 7.40 123.20 107.68 520.00 199.60 184.08 -15.52 4.40 0.47 5.80
2020 8 15 2 21 0 0.68 3.60 126.10 110.58 510.00 193.80 178.28 -15.52 4.50 0.45 5.70
2020 8 15 2 51 0 0.75 8.70 127.40 111.88 550.00 187.90 172.38 -15.52 4.80 0.49 6.40
2020 8 15 3 21 0 0.70 8.70 124.30 108.78 510.00 179.60 164.08 -15.52 4.90 0.45 6.50
2020 8 15 3 51 0 0.75 10.00 125.20 109.68 540.00 183.90 168.38 -15.52 4.90 0.48 6.30
2020 8 15 4 21 0 0.72 13.30 125.40 109.88 550.00 178.60 163.08 -15.52 5.10 0.46 6.90
2020 8 15 4 51 0 0.73 13.30 127.40 111.88 560.00 184.60 169.08 -15.52 5.40 0.48 7.20
2020 8 15 5 51 0 0.70 12.50 125.30 109.78 620.00 185.70 170.18 -15.52 5.00 0.44 6.70
2020 8 15 6 51 0 0.67 12.50 124.60 109.08 570.00 188.00 172.48 -15.52 5.20 0.43 6.80
2020 8 15 7 51 0 0.71 9.50 126.30 110.78 540.00 176.00 160.48 -15.52 5.50 0.44 7.30
2020 8 15 8 21 0 0.66 9.10 126.40 110.88 570.00 180.40 164.88 -15.52 5.30 0.43 7.20
2020 8 15 8 51 0 0.73 9.50 130.60 115.08 510.00 190.70 175.18 -15.52 6.20 0.45 8.20
2020 8 15 9 21 0 0.75 9.50 132.70 117.18 670.00 177.70 162.18 -15.52 5.70 0.46 7.70
2020 8 15 9 51 0 0.73 7.70 136.50 120.98 620.00 190.80 175.28 -15.52 5.30 0.44 7.80
2020 8 15 10 51 0 0.72 11.10 144.90 129.38 520.00 187.80 172.28 -15.52 5.10 0.44 7.60
2020 8 15 11 51 0 0.75 9.10 167.40 151.88 260.00 163.90 148.38 -15.52 4.40 0.48 6.60
2020 8 15 12 21 0 0.77 9.50 177.80 162.28 90.00 124.60 109.08 -15.52 4.10 0.52 6.00
2020 8 15 12 51 0 0.78 9.10 174.10 158.58 180.00 87.20 71.68 -15.52 4.00 0.50 5.80
2020 8 15 13 21 0 0.85 10.50 183.50 167.98 120.00 46.00 30.48 -15.52 4.20 0.54 6.10
2020 8 15 13 51 0 0.89 9.10 183.30 167.78 100.00 66.80 51.28 -15.52 4.30 0.56 6.40
2020 8 15 14 21 0 0.86 11.10 190.00 174.48 70.00 69.50 53.98 -15.52 4.20 0.58 5.80
2020 8 15 14 51 0 0.89 9.50 184.80 169.28 180.00 55.70 40.18 -15.52 4.20 0.58 5.80
2020 8 15 15 51 0 0.85 8.70 180.80 165.28 170.00 26.60 11.08 -15.52 4.10 0.56 5.70
2020 8 15 16 21 0 0.98 8.70 182.30 166.78 260.00 48.10 32.58 -15.52 4.40 0.65 5.90
2020 8 15 16 51 0 0.93 9.10 177.20 161.68 200.00 23.40 7.88 -15.52 4.20 0.59 5.90
2020 8 15 17 21 0 0.94 9.10 168.70 153.18 170.00 7.00 351.48 -15.52 4.60 0.60 6.50
2020 8 15 17 51 0 0.83 9.50 163.10 147.58 160.00 351.20 335.68 -15.52 4.60 0.54 6.90
2020 8 15 18 51 0 0.82 10.00 152.80 137.28 270.00 7.60 352.08 -15.52 4.70 0.51 6.90
2020 8 15 19 51 0 0.83 10.00 169.90 154.38 330.00 346.70 331.18 -15.52 4.10 0.52 6.10
% SIMCOSTA Buoy 14 Station rs4
% year month day hour minute seconds vars
2020 8 16 0 21 0 1.46 5.90 196.50 180.98 370.00 16.70 1.18 -15.52 4.50 0.99 5.30
2020 8 16 0 51 0 1.44 5.60 193.00 177.48 380.00 6.50 350.98 -15.52 4.50 0.94 5.60
2020 8 16 1 51 0 1.46 6.50 189.30 173.78 250.00 325.60 310.08 -15.52 4.50 0.92 5.80
2020 8 16 2 21 0 1.33 6.70 188.70 173.18 230.00 340.90 325.38 -15.52 4.60 0.85 5.90
2020 8 16 2 51 0 1.20 5.90 187.90 172.38 160.00 314.80 299.28 -15.52 4.40 0.76 5.70
2020 8 16 3 21 0 1.10 6.30 193.30 177.78 70.00 25.90 10.38 -15.52 4.30 0.70 5.50
2020 8 16 3 51 0 1.11 6.30 191.30 175.78 70.00 359.20 343.68 -15.52 4.70 0.73 6.00
2020 8 16 4 21 0 1.01 6.10 190.80 175.28 20.00 232.40 216.88 -15.52 4.60 0.67 5.90
2020 8 16 4 51 0 0.95 13.30 188.40 172.88 170.00 268.30 252.78 -15.52 4.30 0.61 5.80
2020 8 16 5 51 0 0.90 12.50 197.10 181.58 90.00 161.80 146.28 -15.52 4.30 0.60 5.60
2020 8 16 6 21 0 0.85 12.50 189.90 174.38 150.00 172.00 156.48 -15.52 4.20 0.54 5.80
2020 8 16 6 51 0 0.84 13.30 185.00 169.48 180.00 172.10 156.58 -15.52 4.60 0.53 6.60
2020 8 16 7 51 0 0.86 12.50 186.00 170.48 240.00 134.80 119.28 -15.52 4.30 0.52 6.60
2020 8 16 8 51 0 0.67 12.50 189.90 174.38 190.00 56.20 40.68 -15.52 3.80 0.43 5.10
2020 8 16 9 51 0 0.70 12.50 180.90 165.38 220.00 59.90 44.38 -15.52 4.70 0.45 6.80
2020 8 16 10 21 0 0.72 12.50 176.60 161.08 200.00 62.60 47.08 -15.52 4.70 0.46 6.50
2020 8 16 10 51 0 0.70 13.30 178.00 162.48 200.00 54.40 38.88 -15.52 4.60 0.45 6.50
2020 8 16 11 21 0 0.71 12.50 180.10 164.58 130.00 50.70 35.18 -15.52 4.90 0.48 6.70
2020 8 16 11 51 0 0.73 12.50 183.50 167.98 200.00 65.60 50.08 -15.52 4.40 0.47 5.90
2020 8 16 12 51 0 0.72 12.50 179.70 164.18 230.00 72.10 56.58 -15.52 4.80 0.46 6.80
2020 8 16 13 21 0 0.74 12.50 182.90 167.38 140.00 106.90 91.38 -15.52 4.80 0.47 6.80
2020 8 16 13 51 0 0.70 12.50 187.00 171.48 320.00 84.10 68.58 -15.52 4.80 0.46 6.50
2020 8 16 14 51 0 0.74 12.50 183.80 168.28 230.00 89.80 74.28 -15.52 5.10 0.46 7.50
2020 8 16 15 21 0 0.72 12.50 185.30 169.78 280.00 81.20 65.68 -15.52 4.50 0.46 6.50
2020 8 16 15 51 0 0.69 10.00 187.80 172.28 310.00 70.70 55.18 -15.52 3.80 0.45 5.40
2020 8 16 16 21 0 0.72 12.50 190.30 174.78 290.00 69.00 53.48 -15.52 3.80 0.46 5.70
2020 8 16 16 51 0 0.70 13.30 188.50 172.98 280.00 82.10 66.58 -15.52 4.10 0.44 5.90
2020 8 16 17 51 0 0.74 12.50 192.60 177.08 340.00 71.10 55.58 -15.52 4.00 0.44 6.00
2020 8 16 18 21 0 0.75 11.80 192.30 176.78 310.00 72.00 56.48 -15.52 4.20 0.48 6.20
2020 8 16 18 51 0 0.71 9.50 188.40 172.88 310.00 64.20 48.68 -15.52 4.20 0.46 6.30
2020 8 16 20 21 0 0.72 8.30 191.60 176.08 320.00 67.90 52.38 -15.52 4.70 0.44 7.00
% SIMCOSTA Buoy 14 Station rs4
% year month day hour minute seconds vars
2020 8 17 0 51 0 0.84 9.50 178.50 162.98 300.00 68.60 53.08 -15.52 7.30 0.55 9.30
2020 8 17 1 21 0 0.89 9.50 169.30 153.78 290.00 58.20 42.68 -15.52 7.20 0.57 9.30
2020 8 17 1 51 0 0.81 10.50 167.80 152.28 260.00 64.70 49.18 -15.52 5.90 0.47 9.00
2020 8 17 2 51 0 0.85 9.50 151.20 135.68 140.00 66.30 50.78 -15.52 5.80 0.51 9.00
2020 8 17 3 21 0 0.89 9.50 156.00 140.48 220.00 68.40 52.88 -15.52 5.70 0.51 9.00
2020 8 17 3 51 0 0.88 10.00 159.50 143.98 280.00 76.20 60.68 -15.52 7.00 0.56 9.60
2020 8 17 4 21 0 0.77 9.10 163.40 147.88 230.00 85.00 69.48 -15.52 6.80 0.50 9.30
2020 8 17 4 51 0 0.73 9.10 150.30 134.78 170.00 89.30 73.78 -15.52 6.40 0.44 9.00
2020 8 17 5 21 0 0.81 9.50 141.30 125.78 210.00 77.40 61.88 -15.52 6.60 0.49 9.20
2020 8 17 5 51 0 0.70 9.50 153.40 137.88 150.00 82.30 66.78 -15.52 5.70 0.41 8.90
2020 8 17 6 21 0 0.73 9.50 158.40 142.88 200.00 83.30 67.78 -15.52 6.50 0.43 9.30
2020 8 17 6 51 0 0.70 9.50 149.70 134.18 70.00 109.90 94.38 -15.52 6.70 0.43 9.20
2020 8 17 7 51 0 0.60 10.00 156.50 140.98 90.00 99.20 83.68 -15.52 5.90 0.35 9.00
2020 8 17 8 51 0 0.65 9.50 147.80 132.28 10.00 113.20 97.68 -15.52 6.60 0.39 9.10
2020 8 17 9 21 0 0.58 10.00 145.60 130.08 470.00 171.90 156.38 -15.52 7.90 0.37 9.40
2020 8 17 9 51 0 0.59 9.50 147.80 132.28 420.00 180.00 164.48 -15.52 7.80 0.38 9.30
2020 8 17 10 21 0 0.58 10.00 148.80 133.28 510.00 165.80 150.28 -15.52 7.80 0.36 9.60
2020 8 17 10 51 0 0.58 8.70 144.50 128.98 480.00 170.10 154.58 -15.52 7.40 0.36 9.30
2020 8 17 11 21 0 0.53 11.80 148.80 133.28 440.00 174.10 158.58 -15.52 7.00 0.32 9.60
2020 8 17 11 51 0 0.54 9.50 144.30 128.78 510.00 182.40 166.88 -15.52 7.10 0.33 9.30
2020 8 17 12 21 0 0.63 9.50 140.00 124.48 560.00 172.80 157.28 -15.52 8.00 0.40 9.40
2020 8 17 12 51 0 0.57 9.50 134.80 119.28 570.00 187.40 171.88 -15.52 7.60 0.35 9.50
2020 8 17 13 21 0 0.63 9.50 138.20 122.68 610.00 176.00 160.48 -15.52 8.00 0.42 9.30
2020 8 17 13 51 0 0.56 8.70 141.60 126.08 560.00 178.60 163.08 -15.52 6.90 0.34 8.90
2020 8 17 14 21 0 0.62 9.50 142.60 127.08 600.00 191.60 176.08 -15.52 7.00 0.38 9.20
2020 8 17 14 51 0 0.55 9.10 143.30 127.78 460.00 191.60 176.08 -15.52 6.90 0.34 8.70
2020 8 17 15 21 0 0.63 10.50 151.40 135.88 450.00 186.70 171.18 -15.52 7.60 0.40 9.20
2020 8 17 15 51 0 0.62 9.50 140.90 125.38 480.00 174.50 158.98 -15.52 7.30 0.39 9.20
2020 8 17 16 21 0 0.62 9.50 148.90 133.38 460.00 186.50 170.98 -15.52 7.30 0.39 9.10
2020 8 17 16 51 0 0.55 11.10 148.10 132.58 370.00 171.40 155.88 -15.52 7.20 0.35 9.30
2020 8 17 17 21 0 0.71 9.10 144.80 129.28 440.00 172.70 157.18 -15.52 7.80 0.44 9.40
2020 8 17 17 51 0 0.63 9.10 150.60 135.08 350.00 179.80 164.28 -15.52 6.90 0.38 9.20
2020 8 17 18 21 0 0.59 9.10 145.90 130.38 370.00 173.70 158.18 -15.52 7.20 0.36 9.20
2020 8 17 18 51 0 0.72 11.10 152.60 137.08 250.00 137.40 121.88 -15.52 8.10 0.46 10.00
2020 8 17 19 21 0 0.63 8.70 140.30 124.78 180.00 121.90 106.38 -15.52 5.90 0.37 8.90
2020 8 17 19 51 0 0.64 10.50 143.70 128.18 190.00 140.00 124.48 -15.52 5.70 0.36 8.70
2020 8 17 20 21 0 0.64 9.10 133.40 117.88 120.00 139.80 124.28 -15.52 5.70 0.38 8.20
% SIMCOSTA Buoy 14 Station rs4
% year month day hour minute seconds vars
2020 8 18 0 21 0 0.68 9.50 129.40 113.88 90.00 158.80 143.28 -15.52 3.90 0.43 5.70
2020 8 18 0 51 0 0.73 11.10 136.50 120.98 270.00 216.90 201.38 -15.52 4.20 0.47 6.00
2020 8 18 1 21 0 0.68 9.10 134.50 118.98 170.00 203.20 187.68 -15.52 4.00 0.44 5.90
2020 8 18 1 51 0 0.67 10.00 137.60 122.08 280.00 197.70 182.18 -15.52 4.20 0.43 6.00
2020 8 18 2 21 0 0.76 9.10 133.90 118.38 260.00 192.90 177.38 -15.52 4.40 0.48 6.50
2020 8 18 2 51 0 0.72 10.50 135.90 120.38 250.00 181.90 166.38 -15.52 4.10 0.45 6.10
2020 8 18 3 21 0 0.79 8.70 131.30 115.78 190.00 170.20 154.68 -15.52 4.60 0.50 6.70
2020 8 18 3 51 0 0.70 9.10 136.20 120.68 180.00 180.00 164.48 -15.52 4.40 0.44 6.60
2020 8 18 4 21 0 0.73 11.10 128.90 113.38 270.00 179.40 163.88 -15.52 4.40 0.46 6.20
2020 8 18 4 51 0 0.74 9.10 128.10 112.58 200.00 190.90 175.38 -15.52 4.40 0.48 6.10
2020 8 18 5 21 0 0.76 9.50 125.40 109.88 290.00 180.40 164.88 -15.52 4.10 0.49 6.20
2020 8 18 5 51 0 0.77 9.10 129.50 113.98 300.00 177.70 162.18 -15.52 4.60 0.50 6.60
2020 8 18 6 21 0 0.75 8.70 130.30 114.78 340.00 176.30 160.78 -15.52 4.70 0.48 6.90
2020 8 18 6 51 0 0.74 10.50 126.50 110.98 420.00 185.00 169.48 -15.52 4.90 0.47 6.90
2020 8 18 7 21 0 0.66 8.70 123.20 107.68 390.00 180.30 164.78 -15.52 4.70 0.42 6.70
2020 8 18 7 51 0 0.69 10.50 133.40 117.88 370.00 189.10 173.58 -15.52 5.00 0.43 7.50
2020 8 18 8 21 0 0.68 10.00 132.30 116.78 460.00 185.10 169.58 -15.52 5.30 0.43 7.50
2020 8 18 8 51 0 0.71 11.10 136.20 120.68 460.00 176.50 160.98 -15.52 5.60 0.44 8.20
2020 8 18 9 21 0 0.75 12.50 141.00 125.48 570.00 176.10 160.58 -15.52 5.90 0.47 8.60
2020 8 18 9 51 0 0.75 12.50 138.10 122.58 460.00 173.90 158.38 -15.52 6.30 0.46 9.30
2020 8 18 10 21 0 0.78 11.80 148.00 132.48 440.00 160.20 144.68 -15.52 6.80 0.48 9.80
2020 8 18 10 51 0 0.87 10.50 148.80 133.28 410.00 164.90 149.38 -15.52 7.30 0.55 10.50
2020 8 18 11 21 0 0.91 10.50 147.00 131.48 390.00 162.70 147.18 -15.52 6.80 0.54 10.10
2020 8 18 11 51 0 1.00 13.30 147.50 131.98 350.00 174.40 158.88 -15.52 6.80 0.60 10.00
2020 8 18 12 51 0 0.96 11.80 150.60 135.08 440.00 170.50 154.98 -15.52 7.00 0.56 10.40
2020 8 18 13 51 0 1.04 11.80 149.90 134.38 490.00 171.10 155.58 -15.52 7.10 0.60 10.80
2020 8 18 14 51 0 1.13 12.50 150.30 134.78 530.00 163.40 147.88 -15.52 8.60 0.70 11.10
2020 8 18 15 21 0 1.04 13.30 149.10 133.58 490.00 160.40 144.88 -15.52 8.40 0.66 11.00
2020 8 18 17 21 0 0.93 13.30 151.20 135.68 360.00 160.20 144.68 -15.52 7.30 0.58 10.30
2020 8 18 17 51 0 1.13 12.50 154.10 138.58 260.00 164.80 149.28 -15.52 7.80 0.66 11.10
2020 8 18 18 51 0 0.97 12.50 150.70 135.18 140.00 127.80 112.28 -15.52 7.50 0.60 10.60
2020 8 18 19 21 0 0.91 13.30 145.10 129.58 180.00 154.70 139.18 -15.52 6.70 0.55 9.90
2020 8 18 19 51 0 0.96 10.50 144.10 128.58 140.00 129.70 114.18 -15.52 7.20 0.58 10.50
% SIMCOSTA Buoy 14 Station rs4
% year month day hour minute seconds vars
2020 8 19 0 21 0 0.81 12.50 142.20 126.68 130.00 60.80 45.28 -15.52 6.40 0.47 9.40
2020 8 19 1 21 0 0.81 12.50 142.10 126.58 80.00 62.20 46.68 -15.52 6.20 0.48 9.50
2020 8 19 1 51 0 0.71 11.80 124.80 109.28 0.00 0.00 344.48 -15.52 5.10 0.43 7.80
2020 8 19 3 21 0 0.76 12.50 126.60 111.08 50.00 254.40 238.88 -15.52 4.80 0.50 6.80
2020 8 19 3 51 0 0.77 13.30 134.80 119.28 80.00 243.10 227.58 -15.52 4.80 0.49 7.40
2020 8 19 4 21 0 0.77 10.00 148.30 132.78 120.00 283.90 268.38 -15.52 4.00 0.47 6.00
2020 8 19 4 51 0 0.86 9.50 147.20 131.68 100.00 296.80 281.28 -15.52 4.30 0.53 6.30
2020 8 19 5 21 0 0.84 14.30 144.40 128.88 90.00 344.10 328.58 -15.52 4.50 0.53 6.80
2020 8 19 5 51 0 0.78 9.10 144.40 128.88 110.00 319.20 303.68 -15.52 4.60 0.52 6.40
2020 8 19 6 21 0 0.84 14.30 152.60 137.08 140.00 5.30 349.78 -15.52 4.00 0.53 5.80
2020 8 19 6 51 0 0.88 14.30 159.20 143.68 190.00 355.70 340.18 -15.52 4.10 0.56 5.80
2020 8 19 7 21 0 0.90 3.30 180.90 165.38 220.00 358.70 343.18 -15.52 3.80 0.62 4.90
2020 8 19 7 51 0 1.06 3.90 187.90 172.38 240.00 3.00 347.48 -15.52 4.00 0.70 5.10
2020 8 19 8 21 0 1.13 4.20 199.40 183.88 440.00 10.80 355.28 -15.52 4.10 0.75 5.00
2020 8 19 9 51 0 1.36 5.00 199.60 184.08 260.00 1.30 345.78 -15.52 4.30 0.89 5.30
2020 8 19 10 51 0 1.52 5.00 199.10 183.58 370.00 26.70 11.18 -15.52 4.40 0.97 5.20
2020 8 19 11 21 0 1.45 5.90 199.90 184.38 340.00 36.50 20.98 -15.52 4.70 1.01 5.50
2020 8 19 11 51 0 1.50 5.70 197.30 181.78 360.00 61.30 45.78 -15.52 4.60 1.01 5.60
2020 8 19 12 21 0 1.60 5.60 199.10 183.58 600.00 54.80 39.28 -15.52 4.40 1.02 5.70
2020 8 19 12 51 0 1.62 6.70 196.70 181.18 630.00 57.70 42.18 -15.52 4.60 1.02 5.80
2020 8 19 13 21 0 1.62 6.10 198.50 182.98 530.00 58.50 42.98 -15.52 4.60 1.06 5.70
2020 8 19 13 51 0 1.81 6.90 194.00 178.48 540.00 58.00 42.48 -15.52 4.80 1.18 6.00
2020 8 19 14 51 0 1.86 6.30 195.40 179.88 590.00 64.90 49.38 -15.52 4.70 1.19 5.80
2020 8 19 15 21 0 2.00 6.70 196.60 181.08 620.00 49.00 33.48 -15.52 4.90 1.29 5.90
2020 8 19 15 51 0 1.70 6.30 200.80 185.28 610.00 49.20 33.68 -15.52 4.60 1.10 5.60
2020 8 19 16 21 0 1.63 6.50 198.40 182.88 620.00 52.70 37.18 -15.52 4.60 1.07 5.60
2020 8 19 16 51 0 1.76 6.30 199.40 183.88 660.00 50.60 35.08 -15.52 4.60 1.14 5.90
2020 8 19 17 21 0 1.72 6.90 197.60 182.08 690.00 49.60 34.08 -15.52 4.70 1.13 6.00
2020 8 19 17 51 0 1.88 6.50 196.00 180.48 720.00 56.50 40.98 -15.52 4.70 1.18 5.90
2020 8 19 18 21 0 1.90 6.70 192.60 177.08 700.00 56.90 41.38 -15.52 4.90 1.24 6.00
2020 8 19 18 51 0 1.90 6.90 193.60 178.08 650.00 57.00 41.48 -15.52 4.90 1.21 6.10
2020 8 19 19 51 0 1.84 6.50 190.30 174.78 640.00 53.80 38.28 -15.52 5.00 1.20 5.90
2020 8 19 20 21 0 1.85 6.90 188.90 173.38 700.00 57.10 41.58 -15.52 4.70 1.17 6.00
