# SIMCOSTA Buoy 2677 Station suape
# year month day hour minute seconds sea-level(cm)
2020 8 12 0 8 00 1035.71
2020 8 12 0 23 00 1034.73
2020 8 12 0 38 00 1032.86
2020 8 12 0 54 00 1034.71
2020 8 12 1 8 00 1033.96
2020 8 12 1 23 00 1029.92
2020 8 12 1 39 00 1028.18
2020 8 12 1 53 00 1025.54
2020 8 12 2 8 00 1020.04
2020 8 12 2 23 00 1018.79
2020 8 12 2 38 00 1015.09
2020 8 12 2 53 00 1008.95
2020 8 12 3 8 00 1004.98
2020 8 12 3 24 00 998.90
2020 8 12 3 38 00 993.75
2020 8 12 3 53 00 990.38
2020 8 12 4 9 00 985.09
2020 8 12 4 23 00 981.44
2020 8 12 4 39 00 975.38
2020 8 12 4 53 00 974.01
2020 8 12 5 8 00 966.53
2020 8 12 5 38 00 960.81
2020 8 12 5 53 00 959.53
2020 8 12 6 9 00 960.03
2020 8 12 6 23 00 959.30
2020 8 12 6 38 00 959.28
2020 8 12 6 53 00 957.29
2020 8 12 7 9 00 959.00
2020 8 12 7 23 00 958.25
2020 8 12 7 39 00 960.47
2020 8 12 7 53 00 963.61
2020 8 12 8 8 00 966.25
2020 8 12 8 23 00 971.33
2020 8 12 8 39 00 974.42
2020 8 12 8 53 00 975.95
2020 8 12 9 9 00 980.67
2020 8 12 9 23 00 984.58
2020 8 12 9 38 00 990.16
2020 8 12 9 53 00 998.13
2020 8 12 10 9 00 1001.31
2020 8 12 10 23 00 1005.64
2020 8 12 10 39 00 1010.85
2020 8 12 10 53 00 1014.51
2020 8 12 11 9 00 1018.84
2020 8 12 11 23 00 1023.64
2020 8 12 11 39 00 1027.98
2020 8 12 11 53 00 1032.25
2020 8 12 12 9 00 1033.99
2020 8 12 12 23 00 1034.44
2020 8 12 12 39 00 1036.05
2020 8 12 12 53 00 1036.81
2020 8 12 13 9 00 1036.73
2020 8 12 13 23 00 1035.69
2020 8 12 13 38 00 1036.89
2020 8 12 13 53 00 1031.59
2020 8 12 14 8 00 1029.22
2020 8 12 14 23 00 1024.87
2020 8 12 14 39 00 1020.50
2020 8 12 14 53 00 1014.69
2020 8 12 15 8 00 1015.04
2020 8 12 15 23 00 1010.32
2020 8 12 15 39 00 1006.84
2020 8 12 15 53 00 1001.28
2020 8 12 16 8 00 995.34
2020 8 12 16 23 00 991.14
2020 8 12 16 39 00 987.44
2020 8 12 16 53 00 981.38
2020 8 12 17 9 00 977.46
2020 8 12 17 23 00 975.17
2020 8 12 17 39 00 971.92
2020 8 12 17 53 00 971.68
2020 8 12 18 8 00 967.50
2020 8 12 18 24 00 963.61
2020 8 12 18 38 00 961.45
2020 8 12 18 54 00 958.14
2020 8 12 19 8 00 959.46
2020 8 12 19 23 00 959.43
2020 8 12 19 39 00 959.84
2020 8 12 19 53 00 959.83
2020 8 12 20 8 00 962.51
2020 8 12 20 24 00 963.42
2020 8 12 20 38 00 964.85
# SIMCOSTA Buoy 2677 Station suape
# year month day hour minute seconds sea-level(cm)
2020 8 13 0 8 00 1024.04
2020 8 13 0 24 00 1026.83
2020 8 13 0 38 00 1028.33
2020 8 13 0 54 00 1030.07
2020 8 13 1 24 00 1034.25
2020 8 13 1 38 00 1034.45
2020 8 13 1 53 00 1033.15
2020 8 13 2 8 00 1032.39
2020 8 13 2 23 00 1031.79
2020 8 13 2 38 00 1030.59
2020 8 13 2 53 00 1029.13
2020 8 13 3 9 00 1028.62
2020 8 13 3 23 00 1021.22
2020 8 13 3 39 00 1019.80
2020 8 13 3 53 00 1014.36
2020 8 13 4 9 00 1010.01
2020 8 13 4 23 00 1006.52
2020 8 13 4 38 00 1002.67
2020 8 13 4 53 00 998.17
2020 8 13 5 9 00 992.98
2020 8 13 5 23 00 985.90
2020 8 13 5 39 00 983.47
2020 8 13 5 53 00 979.56
2020 8 13 6 9 00 974.76
2020 8 13 6 23 00 971.48
2020 8 13 6 39 00 966.53
2020 8 13 6 53 00 963.45
2020 8 13 7 9 00 962.29
2020 8 13 7 23 00 957.80
2020 8 13 7 39 00 957.41
2020 8 13 7 53 00 956.68
2020 8 13 8 9 00 955.63
2020 8 13 8 23 00 956.46
2020 8 13 8 39 00 958.30
2020 8 13 8 53 00 956.77
2020 8 13 9 9 00 962.15
2020 8 13 9 23 00 962.90
2020 8 13 9 38 00 967.86
2020 8 13 9 54 00 970.34
2020 8 13 10 8 00 975.36
2020 8 13 10 23 00 978.35
2020 8 13 10 38 00 984.64
2020 8 13 10 54 00 989.82
2020 8 13 11 8 00 995.13
2020 8 13 11 23 00 1001.01
2020 8 13 11 38 00 1006.53
2020 8 13 11 54 00 1014.10
2020 8 13 12 8 00 1016.33
2020 8 13 12 24 00 1020.90
2020 8 13 12 38 00 1023.94
2020 8 13 12 54 00 1029.18
2020 8 13 13 8 00 1029.90
2020 8 13 13 23 00 1033.87
2020 8 13 13 39 00 1036.63
2020 8 13 13 53 00 1034.78
2020 8 13 14 9 00 1037.28
2020 8 13 14 23 00 1036.48
2020 8 13 14 39 00 1034.13
2020 8 13 14 53 00 1033.52
2020 8 13 15 8 00 1033.58
2020 8 13 15 23 00 1031.46
2020 8 13 15 38 00 1028.95
2020 8 13 15 53 00 1022.60
2020 8 13 16 8 00 1019.33
2020 8 13 16 24 00 1013.57
2020 8 13 16 38 00 1011.66
2020 8 13 16 53 00 1006.89
2020 8 13 17 9 00 1002.14
2020 8 13 17 23 00 996.91
2020 8 13 17 39 00 991.25
2020 8 13 17 53 00 988.72
2020 8 13 18 8 00 983.81
2020 8 13 18 24 00 977.98
2020 8 13 18 38 00 973.71
2020 8 13 18 54 00 970.50
2020 8 13 19 8 00 965.90
2020 8 13 19 24 00 962.10
2020 8 13 19 54 00 959.17
2020 8 13 20 8 00 952.97
2020 8 13 20 23 00 955.64
2020 8 13 20 39 00 953.04
# SIMCOSTA Buoy 2677 Station suape
# year month day hour minute seconds sea-level(cm)
2020 8 14 0 8 00 1002.27
2020 8 14 0 24 00 1008.81
2020 8 14 0 38 00 1012.71
2020 8 14 0 53 00 1018.11
2020 8 14 1 8 00 1023.20
2020 8 14 1 24 00 1027.43
2020 8 14 1 38 00 1029.50
2020 8 14 1 54 00 1031.45
2020 8 14 2 8 00 1034.18
2020 8 14 2 23 00 1037.08
2020 8 14 2 39 00 1039.65
2020 8 14 2 53 00 1037.50
2020 8 14 3 8 00 1041.04
2020 8 14 3 23 00 1036.67
2020 8 14 3 39 00 1035.20
2020 8 14 3 53 00 1032.78
2020 8 14 4 8 00 1032.31
2020 8 14 4 23 00 1030.57
2020 8 14 4 38 00 1023.36
2020 8 14 4 53 00 1020.10
2020 8 14 5 9 00 1015.09
2020 8 14 5 23 00 1011.23
2020 8 14 5 38 00 1004.27
2020 8 14 5 53 00 998.29
2020 8 14 6 9 00 992.66
2020 8 14 6 23 00 985.03
2020 8 14 6 38 00 980.27
2020 8 14 7 8 00 970.74
2020 8 14 7 23 00 966.06
2020 8 14 7 38 00 962.30
2020 8 14 7 54 00 953.89
2020 8 14 8 8 00 951.67
2020 8 14 8 24 00 947.04
2020 8 14 8 38 00 945.85
2020 8 14 8 54 00 946.19
2020 8 14 9 8 00 944.23
2020 8 14 9 24 00 943.72
2020 8 14 9 38 00 942.96
2020 8 14 9 53 00 944.00
2020 8 14 10 9 00 945.42
2020 8 14 10 23 00 948.28
2020 8 14 10 38 00 953.37
2020 8 14 10 54 00 958.55
2020 8 14 11 8 00 963.00
2020 8 14 11 24 00 968.15
2020 8 14 11 38 00 971.75
2020 8 14 11 53 00 979.11
2020 8 14 12 8 00 985.52
2020 8 14 12 38 00 997.56
2020 8 14 12 54 00 1005.88
2020 8 14 13 8 00 1012.26
2020 8 14 13 24 00 1016.48
2020 8 14 13 38 00 1022.05
2020 8 14 13 53 00 1024.78
2020 8 14 14 9 00 1028.52
2020 8 14 14 23 00 1033.47
2020 8 14 14 40 00 1038.98
2020 8 14 14 53 00 1038.87
2020 8 14 15 8 00 1040.11
2020 8 14 15 23 00 1039.01
2020 8 14 15 38 00 1039.52
2020 8 14 15 53 00 1038.46
2020 8 14 16 8 00 1037.04
2020 8 14 16 23 00 1036.14
2020 8 14 16 38 00 1030.26
2020 8 14 16 54 00 1028.67
2020 8 14 17 8 00 1025.11
2020 8 14 17 24 00 1021.79
2020 8 14 17 38 00 1016.01
2020 8 14 17 54 00 1010.59
2020 8 14 18 8 00 1005.07
2020 8 14 18 24 00 999.92
2020 8 14 18 38 00 995.11
2020 8 14 18 54 00 987.34
2020 8 14 19 8 00 982.52
2020 8 14 19 23 00 977.04
2020 8 14 19 38 00 968.76
2020 8 14 19 54 00 964.10
2020 8 14 20 8 00 960.25
2020 8 14 20 24 00 955.76
2020 8 14 20 38 00 953.23
# SIMCOSTA Buoy 2677 Station suape
# year month day hour minute seconds sea-level(cm)
2020 8 15 0 8 00 978.63
2020 8 15 0 23 00 985.84
2020 8 15 0 39 00 993.34
2020 8 15 0 53 00 998.98
2020 8 15 1 9 00 1005.89
2020 8 15 1 23 00 1012.78
2020 8 15 1 38 00 1020.73
2020 8 15 1 53 00 1024.79
2020 8 15 2 9 00 1032.36
2020 8 15 2 23 00 1037.60
2020 8 15 2 38 00 1041.08
2020 8 15 2 54 00 1047.46
2020 8 15 3 8 00 1051.06
2020 8 15 3 23 00 1052.03
2020 8 15 3 39 00 1055.39
2020 8 15 3 53 00 1054.83
2020 8 15 4 9 00 1054.64
2020 8 15 4 23 00 1052.73
2020 8 15 4 39 00 1051.11
2020 8 15 4 53 00 1049.43
2020 8 15 5 9 00 1044.32
2020 8 15 5 23 00 1040.32
2020 8 15 5 38 00 1034.17
2020 8 15 5 54 00 1027.26
2020 8 15 6 8 00 1019.92
2020 8 15 6 24 00 1014.29
2020 8 15 6 38 00 1010.01
2020 8 15 6 54 00 1000.61
2020 8 15 7 8 00 994.74
2020 8 15 7 24 00 987.25
2020 8 15 7 38 00 978.97
2020 8 15 7 55 00 969.85
2020 8 15 8 8 00 963.74
2020 8 15 8 23 00 957.98
2020 8 15 8 39 00 953.51
2020 8 15 8 53 00 947.36
2020 8 15 9 9 00 940.44
2020 8 15 9 23 00 936.64
2020 8 15 9 39 00 933.15
2020 8 15 9 53 00 929.66
2020 8 15 10 8 00 930.67
2020 8 15 10 24 00 933.06
2020 8 15 10 38 00 929.03
2020 8 15 10 53 00 932.45
2020 8 15 11 8 00 935.65
2020 8 15 11 38 00 944.59
2020 8 15 11 54 00 953.58
2020 8 15 12 8 00 958.36
2020 8 15 12 23 00 964.17
2020 8 15 12 38 00 970.35
2020 8 15 12 53 00 977.36
2020 8 15 13 9 00 988.31
2020 8 15 13 23 00 995.46
2020 8 15 13 38 00 1003.61
2020 8 15 13 53 00 1010.91
2020 8 15 14 9 00 1019.48
2020 8 15 14 23 00 1022.24
2020 8 15 14 38 00 1030.70
2020 8 15 14 54 00 1036.98
2020 8 15 15 8 00 1042.30
2020 8 15 15 23 00 1050.17
2020 8 15 15 39 00 1055.37
2020 8 15 15 53 00 1053.32
2020 8 15 16 8 00 1055.11
2020 8 15 16 24 00 1055.58
2020 8 15 16 38 00 1055.24
2020 8 15 16 53 00 1055.43
2020 8 15 17 9 00 1054.62
2020 8 15 17 23 00 1051.13
2020 8 15 17 39 00 1045.26
2020 8 15 17 53 00 1042.50
2020 8 15 18 8 00 1035.90
2020 8 15 18 24 00 1030.45
2020 8 15 18 38 00 1023.61
2020 8 15 18 54 00 1014.83
2020 8 15 19 8 00 1008.61
2020 8 15 19 24 00 1001.47
2020 8 15 19 38 00 993.61
2020 8 15 19 53 00 983.98
2020 8 15 20 9 00 976.10
2020 8 15 20 23 00 968.59
2020 8 15 20 38 00 963.32
# SIMCOSTA Buoy 2677 Station suape
# year month day hour minute seconds sea-level(cm)
2020 8 16 0 8 00 954.04
2020 8 16 0 23 00 956.17
2020 8 16 0 39 00 966.84
2020 8 16 0 53 00 976.17
2020 8 16 1 8 00 983.28
2020 8 16 1 23 00 990.14
2020 8 16 1 39 00 1000.77
2020 8 16 1 53 00 1007.65
2020 8 16 2 9 00 1016.66
2020 8 16 2 23 00 1023.84
2020 8 16 2 39 00 1035.31
2020 8 16 2 53 00 1042.09
2020 8 16 3 8 00 1049.67
2020 8 16 3 23 00 1055.35
2020 8 16 3 39 00 1060.36
2020 8 16 3 53 00 1063.53
2020 8 16 4 9 00 1067.48
2020 8 16 4 23 00 1070.85
2020 8 16 4 39 00 1071.77
2020 8 16 4 53 00 1069.06
2020 8 16 5 9 00 1067.39
2020 8 16 5 23 00 1064.57
2020 8 16 5 39 00 1062.11
2020 8 16 5 53 00 1059.21
2020 8 16 6 8 00 1052.72
2020 8 16 6 24 00 1045.79
2020 8 16 6 38 00 1038.65
2020 8 16 6 54 00 1029.47
2020 8 16 7 8 00 1022.84
2020 8 16 7 23 00 1013.04
2020 8 16 7 38 00 1002.04
2020 8 16 7 53 00 994.00
2020 8 16 8 8 00 983.45
2020 8 16 8 24 00 973.37
2020 8 16 8 38 00 964.71
2020 8 16 8 54 00 957.08
2020 8 16 9 8 00 948.76
2020 8 16 9 23 00 939.41
2020 8 16 9 39 00 933.31
2020 8 16 9 53 00 925.27
2020 8 16 10 8 00 922.42
2020 8 16 10 24 00 915.86
2020 8 16 10 38 00 913.32
2020 8 16 10 54 00 915.28
2020 8 16 11 8 00 914.63
2020 8 16 11 23 00 915.27
2020 8 16 11 38 00 916.03
2020 8 16 11 54 00 917.16
2020 8 16 12 8 00 919.41
2020 8 16 12 23 00 928.62
2020 8 16 12 39 00 937.16
2020 8 16 12 53 00 944.52
2020 8 16 13 8 00 955.23
2020 8 16 13 23 00 962.29
2020 8 16 13 39 00 970.65
2020 8 16 13 53 00 976.70
2020 8 16 14 23 00 999.12
2020 8 16 14 38 00 1011.18
2020 8 16 14 54 00 1021.74
2020 8 16 15 8 00 1028.48
2020 8 16 15 23 00 1036.47
2020 8 16 15 38 00 1045.41
2020 8 16 15 54 00 1051.42
2020 8 16 16 8 00 1056.50
2020 8 16 16 23 00 1060.80
2020 8 16 16 38 00 1065.55
2020 8 16 16 53 00 1068.52
2020 8 16 17 8 00 1070.37
2020 8 16 17 24 00 1067.93
2020 8 16 17 38 00 1067.71
2020 8 16 17 53 00 1068.25
2020 8 16 18 9 00 1061.76
2020 8 16 18 23 00 1060.19
2020 8 16 18 38 00 1051.80
2020 8 16 18 53 00 1047.51
2020 8 16 19 9 00 1036.10
2020 8 16 19 40 00 1018.18
2020 8 16 20 8 00 1001.47
2020 8 16 20 24 00 987.32
2020 8 16 20 38 00 980.06
# SIMCOSTA Buoy 2677 Station suape
# year month day hour minute seconds sea-level(cm)
2020 8 17 0 8 00 924.46
2020 8 17 0 24 00 928.25
2020 8 17 0 38 00 933.47
2020 8 17 0 55 00 941.21
2020 8 17 1 8 00 947.67
2020 8 17 1 23 00 957.14
2020 8 17 1 38 00 968.86
2020 8 17 1 53 00 977.23
2020 8 17 2 38 00 1009.35
2020 8 17 2 53 00 1017.83
2020 8 17 3 8 00 1029.71
2020 8 17 3 24 00 1043.02
2020 8 17 3 38 00 1049.54
2020 8 17 3 54 00 1054.65
2020 8 17 4 8 00 1066.19
2020 8 17 4 24 00 1071.17
2020 8 17 4 38 00 1077.01
2020 8 17 4 55 00 1082.39
2020 8 17 5 8 00 1082.45
2020 8 17 5 23 00 1083.44
2020 8 17 5 39 00 1084.75
2020 8 17 5 53 00 1084.04
2020 8 17 6 8 00 1081.51
2020 8 17 6 24 00 1075.16
2020 8 17 6 38 00 1069.80
2020 8 17 6 54 00 1061.13
2020 8 17 7 8 00 1054.18
2020 8 17 7 24 00 1043.14
2020 8 17 7 38 00 1035.47
2020 8 17 7 54 00 1025.22
2020 8 17 8 8 00 1014.79
2020 8 17 8 23 00 1004.65
2020 8 17 8 38 00 989.67
2020 8 17 8 54 00 976.17
2020 8 17 9 8 00 968.62
2020 8 17 9 23 00 955.71
2020 8 17 9 39 00 944.32
2020 8 17 9 53 00 935.70
2020 8 17 10 9 00 927.08
2020 8 17 10 23 00 915.79
2020 8 17 10 38 00 909.76
2020 8 17 10 53 00 904.18
2020 8 17 11 23 00 893.64
2020 8 17 11 38 00 892.77
2020 8 17 11 53 00 893.96
2020 8 17 12 9 00 898.26
2020 8 17 12 23 00 898.76
2020 8 17 12 38 00 903.31
2020 8 17 12 53 00 908.69
2020 8 17 13 8 00 915.11
2020 8 17 13 24 00 923.33
2020 8 17 13 38 00 932.83
2020 8 17 14 23 00 968.24
2020 8 17 14 39 00 977.95
2020 8 17 14 53 00 991.03
2020 8 17 15 9 00 1004.01
2020 8 17 15 23 00 1014.78
2020 8 17 15 38 00 1027.26
2020 8 17 15 54 00 1038.95
2020 8 17 16 8 00 1049.78
2020 8 17 16 23 00 1058.46
2020 8 17 16 38 00 1064.61
2020 8 17 16 53 00 1070.80
2020 8 17 17 8 00 1076.77
2020 8 17 17 24 00 1084.37
2020 8 17 17 38 00 1084.77
2020 8 17 17 54 00 1086.44
2020 8 17 18 8 00 1086.81
2020 8 17 18 23 00 1085.13
2020 8 17 18 40 00 1076.95
2020 8 17 18 53 00 1074.41
2020 8 17 19 8 00 1071.55
2020 8 17 19 23 00 1061.91
2020 8 17 19 39 00 1056.49
2020 8 17 19 53 00 1048.44
2020 8 17 20 9 00 1033.46
2020 8 17 20 23 00 1023.79
2020 8 17 20 38 00 1011.43
# SIMCOSTA Buoy 2677 Station suape
# year month day hour minute seconds sea-level(cm)
2020 8 18 0 8 00 907.45
2020 8 18 0 24 00 905.20
2020 8 18 0 38 00 908.52
2020 8 18 0 54 00 914.90
2020 8 18 1 8 00 922.03
2020 8 18 1 23 00 927.22
2020 8 18 1 39 00 935.69
2020 8 18 1 53 00 944.70
2020 8 18 2 8 00 953.45
2020 8 18 2 23 00 965.10
2020 8 18 2 38 00 980.11
2020 8 18 2 54 00 993.82
2020 8 18 3 8 00 1003.48
2020 8 18 3 23 00 1015.67
2020 8 18 3 39 00 1029.60
2020 8 18 3 53 00 1040.17
2020 8 18 4 9 00 1051.86
2020 8 18 4 23 00 1062.11
2020 8 18 4 38 00 1071.82
2020 8 18 4 54 00 1084.05
2020 8 18 5 8 00 1087.81
2020 8 18 5 24 00 1092.96
2020 8 18 5 38 00 1095.97
2020 8 18 5 53 00 1100.51
2020 8 18 6 9 00 1102.28
2020 8 18 6 23 00 1102.81
2020 8 18 6 38 00 1100.60
2020 8 18 7 8 00 1090.53
2020 8 18 7 24 00 1082.43
2020 8 18 7 38 00 1076.47
2020 8 18 7 53 00 1065.74
2020 8 18 8 8 00 1055.39
2020 8 18 8 24 00 1043.32
2020 8 18 8 38 00 1033.75
2020 8 18 8 53 00 1019.92
2020 8 18 9 8 00 1007.85
2020 8 18 9 23 00 992.13
2020 8 18 9 39 00 976.16
2020 8 18 9 53 00 963.60
2020 8 18 10 8 00 951.81
2020 8 18 10 24 00 938.09
2020 8 18 10 38 00 928.59
2020 8 18 10 53 00 918.15
2020 8 18 11 8 00 907.32
2020 8 18 11 24 00 898.96
2020 8 18 11 38 00 894.72
2020 8 18 11 53 00 889.64
2020 8 18 12 9 00 886.73
2020 8 18 12 23 00 881.89
2020 8 18 12 39 00 884.75
2020 8 18 12 53 00 884.17
2020 8 18 13 8 00 890.03
2020 8 18 13 24 00 896.24
2020 8 18 13 38 00 901.91
2020 8 18 13 53 00 909.33
2020 8 18 14 9 00 919.15
2020 8 18 14 23 00 929.60
2020 8 18 14 39 00 943.73
2020 8 18 14 53 00 955.39
2020 8 18 15 8 00 968.29
2020 8 18 15 24 00 982.64
2020 8 18 15 38 00 998.38
2020 8 18 15 54 00 1012.40
2020 8 18 16 8 00 1024.21
2020 8 18 16 24 00 1039.89
2020 8 18 16 38 00 1049.43
2020 8 18 16 54 00 1060.85
2020 8 18 17 8 00 1070.26
2020 8 18 17 23 00 1081.28
2020 8 18 17 39 00 1088.90
2020 8 18 17 53 00 1094.67
2020 8 18 18 9 00 1100.56
2020 8 18 18 23 00 1103.27
2020 8 18 18 53 00 1105.16
2020 8 18 19 9 00 1098.37
2020 8 18 19 23 00 1096.64
2020 8 18 19 38 00 1091.26
2020 8 18 19 53 00 1082.73
2020 8 18 20 8 00 1072.01
2020 8 18 20 23 00 1063.50
2020 8 18 20 38 00 1053.56
# SIMCOSTA Buoy 2677 Station suape
# year month day hour minute seconds sea-level(cm)
2020 8 19 0 24 00 897.73
2020 8 19 0 38 00 897.32
2020 8 19 0 53 00 896.64
2020 8 19 1 9 00 898.88
2020 8 19 1 23 00 903.05
2020 8 19 1 38 00 906.51
2020 8 19 1 53 00 914.54
2020 8 19 3 23 00 982.44
2020 8 19 3 38 00 996.02
2020 8 19 3 53 00 1009.35
2020 8 19 4 9 00 1024.31
2020 8 19 4 23 00 1037.61
2020 8 19 4 38 00 1053.85
2020 8 19 4 54 00 1067.60
2020 8 19 5 8 00 1076.48
2020 8 19 5 24 00 1087.08
2020 8 19 5 38 00 1094.88
2020 8 19 5 54 00 1104.19
2020 8 19 6 8 00 1109.14
2020 8 19 6 23 00 1114.16
2020 8 19 6 39 00 1115.17
2020 8 19 6 53 00 1120.95
2020 8 19 7 9 00 1115.50
2020 8 19 7 38 00 1109.60
2020 8 19 7 53 00 1102.77
2020 8 19 8 8 00 1093.93
2020 8 19 8 24 00 1086.11
2020 8 19 8 38 00 1073.47
2020 8 19 8 54 00 1061.32
2020 8 19 9 8 00 1050.51
2020 8 19 9 24 00 1034.20
2020 8 19 9 38 00 1019.10
2020 8 19 9 53 00 1005.71
2020 8 19 10 8 00 990.01
2020 8 19 10 24 00 971.41
2020 8 19 10 38 00 958.27
2020 8 19 10 53 00 945.65
2020 8 19 11 9 00 930.83
2020 8 19 11 23 00 920.19
2020 8 19 11 39 00 906.58
2020 8 19 11 53 00 900.10
2020 8 19 12 9 00 888.98
2020 8 19 12 23 00 884.15
2020 8 19 12 38 00 876.60
2020 8 19 12 54 00 873.75
2020 8 19 13 8 00 871.91
2020 8 19 13 24 00 873.95
2020 8 19 13 38 00 879.37
2020 8 19 13 53 00 880.90
2020 8 19 14 9 00 887.73
2020 8 19 14 23 00 894.45
2020 8 19 14 38 00 902.46
2020 8 19 14 54 00 914.75
2020 8 19 15 8 00 925.60
2020 8 19 15 24 00 940.63
2020 8 19 15 38 00 955.61
2020 8 19 15 54 00 971.35
2020 8 19 16 8 00 984.16
2020 8 19 16 24 00 999.73
2020 8 19 16 38 00 1014.00
2020 8 19 16 54 00 1028.75
2020 8 19 17 8 00 1044.41
2020 8 19 17 23 00 1057.88
2020 8 19 17 39 00 1071.99
2020 8 19 17 53 00 1081.14
2020 8 19 18 8 00 1089.57
2020 8 19 18 24 00 1096.35
2020 8 19 18 38 00 1101.66
2020 8 19 18 53 00 1107.25
2020 8 19 19 9 00 1110.80
2020 8 19 19 23 00 1113.61
2020 8 19 19 39 00 1111.05
2020 8 19 19 53 00 1106.88
2020 8 19 20 8 00 1099.90
2020 8 19 20 24 00 1094.51
2020 8 19 20 38 00 1084.48
